5032 30 1 2 3 4 5 6
5032 105 1 2 3 4 5 6
5032 110 1 4
5036 10 1 2 3 4 5 6
5036 15 1 2 3 4 5 6
5036 30 1 2 3 4 5 6
5036 35 1 2 3 4 5 6
5036 70 1 2 3 4 5 6
5036 75 1 2 3 4 5 6
5036 160 1 2 3 4 6
5036 170 1 2 3 4 5 6
5036 175 1
5036 270 1 2 3 4 5 6
5036 275 1 2 3 4 5 6
5036 370 1 6
5036 375 1 6
5036 380 1 6
5036 385 1 6
5036 390 1 6
5036 395 1 2 3 4 5 6
5036 400 1 6
5036 405 1 6
5036 410 1 6
5036 415 1 6
5036 420 1 2 6
5036 425 1 2 6
5036 430 1 6
5036 435 1 6
5036 440 1 2 3 4 5 6
5036 445 1 6
5036 450 1 6
5036 455 1 6
5036 460 1 6
5036 465 1 2 3 4 5 6
5036 470 1 6
5036 475 1 2 6
5036 480 1 6
5036 485 1 2 6
5036 490 1 6
5036 495 1 6
5036 500 1 6
5036 505 1 2 6
5036 510 1 2 3 4 5 6
5036 515 1 2 3 4 5 6
5036 520 1 2 6
5036 525 1 2 3 4 5 6
5036 530 1 6
5036 535 1 6
5036 540 1 2 3 4 5 6
5036 545 1 2 3 4 5 6
5036 280 2 4 5
5038 0 1 2 3 4 5 6
5038 20 1 2 3 4 5 6
5038 95 1 2 3 4 5 6
5038 150 1 2 3 4 5 6
5038 185 1 2 3 4 5 6
5038 280 1 2 3 4 5 6
5038 470 1 2 3 4 5 6
5038 630 1 2 3 4 5 6
5038 700 1 2 3 4 5 6
5038 755 1 2 3 4 5 6
5038 765 1 2 3 4 5 6
5038 805 1 4 5
5038 845 1 2 3 4 5 6
5038 850 1 2 3 4 5 6
5038 900 1 2 3 4 5 6
5038 935 1 2 3 4 5 6
5038 1150 1 2 3 4 5 6
5038 1155 1 2 3 4 5 6
5038 1235 1 2 3 4 5 6
5038 235 3
5038 835 3 5
5038 875 3 5 6
5038 680 4
5038 770 5
5038 1085 5 6
5038 170 6
5038 775 6
5038 840 6
5038 945 6
5039 5 1 2 3 4 5 6
5039 25 1 2 3 4 5 6
5039 190 1 2 3 4 5 6
5039 270 1 2 3 4 5 6
5039 280 1 2 3 4 5 6
5039 320 1 2 3 4 5 6
5039 210 4 5 6
5039 285 6
5040 0 1 2 3 4 5 6
5040 95 1 2 3 4 5 6
5040 165 1 2 3 4 5 6
5040 180 1 4 5
5040 195 1 2 3 4 5 6
5040 240 1 2 3 4 5 6
5040 290 1 2 3 4 5 6
5040 320 1 2 3 4 5 6
5040 185 2
5040 160 3 4 5 6
5040 85 5
5040 360 6
5041 85 1 2 3 4 5 6
5041 110 1 4 5
5041 170 1 2 3 4 5 6
5041 205 1 2 3 4 5 6
5041 315 1 2 3 4 5 6
5041 400 1 2 3 4 5 6
5041 405 1 2 3 4 5 6
5041 435 1 2 3 4 5 6
5041 455 1 2 3 4 5 6
5041 485 1 2 3 4 5 6
5041 490 1 2 3 4 5 6
5041 500 1 2 3 4 5 6
5041 530 1 2 3 4 5 6
5041 535 1 2 3 4 5 6
5041 300 2 6
5041 525 2 3 4 5
5041 75 3 4
5041 280 5
5041 330 5
5043 0 1 2 3 4 5 6
5043 85 1 2 3 4 5 6
5043 95 1 2 3 4 5 6
5043 125 1 2 3 4 5 6
5043 150 1 2 4 5
5043 160 1 2 3 4 5 6
5043 190 1 2 3 4 5 6
5043 215 1 2 3 4 5 6
5043 240 1 2 3 4 5 6
5043 285 1 2 3 4 5 6
5043 290 1 2 3 4 5 6
5043 365 1 2 3 4 5 6
5043 115 2 3 4 5
5043 200 2
5043 265 3 4
5043 100 4 6
5045 115 1 2 4 5 6
5045 155 1 2 3 4 5 6
5045 195 1 2 3 4 5 6
5045 250 1 2 3 4 5 6
5045 275 1 2 3 4 5 6
5045 425 1 2 3 4 5 6
5045 430 1 2 3 4 5 6
5045 345 2
5045 350 2
5045 355 2
5045 360 2
5045 410 4
5046 200 1 2 3 4 5 6
5046 740 1 2 3 4 5 6
5046 745 1 2 3 4 5 6
5046 860 1 2 3 4 5 6
5046 1095 1 2 4 5 6
5046 830 2
5046 1045 3
5046 955 4
5046 40 6
5051 150 1 2 3 4 5 6
5051 165 1 2 3 4 5 6
5051 185 1 3 4 5 6
5051 210 1 2 3 4 5 6
5051 370 1 2 3 4 5 6
5051 405 1 2 3 4 5 6
5051 470 1 2 3 4 5 6
5051 635 1 2 3 4 5 6
5051 660 1 2 3 4 5 6
5051 725 1 2 3 4 5 6
5051 805 1 2 3 4 5 6
5051 565 2 5
5052 85 1 2 3 4 5 6
5052 105 1 2 3 4 5 6
5053 10 1 2 3 4 5 6
5053 155 1 2 3 4 5 6
5117 300 1 2 3 4 5 6
5117 780 1 2 3 4 5 6
5117 850 1 2 3 4 5 6
5117 890 1 2 3 4 5 6
5117 930 1 2 3 4 5 6
5117 1150 1 2 3 4 5 6
5117 10 2 3 4 5 6
5117 750 2 6
5120 120 1 2 3 4 5 6
5120 125 1 2 3 4 5 6
5120 230 1 2 3 4 5 6
5120 235 1 2 3 4 5 6
5120 40 2 6
5120 130 3
5124 1020 1 3 4
5124 1210 3
5124 1060 4
5124 1185 6
5125 15 1 2 3 4 5 6
5125 65 1 2 3 4 5 6
5125 230 1 5 6
5125 950 1 2 3 4 5 6
5125 1015 1 2 3 4 5 6
5125 840 5
5125 140 6
5126 335 1 2 3 4 5
5126 930 1 2 3 4 5 6
5126 1105 1 2 3 4 5 6
5126 155 2 3 4 6
5126 450 4 6
5126 630 4 5
5126 565 5
5127 165 5
5127 170 5
5127 175 5
5127 180 5
5127 185 5
5127 190 5
5127 195 5
5128 445 1 2 3 4 5 6
5128 1020 1 5
5129 305 1 2 3 4 5 6
5129 395 1 2 3 4 5 6
5129 410 1 2 3 4 5 6
5129 415 1 2 3 4 5 6
5129 505 1 2 3 4 5 6
5130 85 1 2 3 4 5 6
5130 310 1 2 3 4 5 6
5130 375 1 2 3 4 5 6
5130 380 1 2 3 4 5 6
5130 610 1 2 3 4 5 6
5130 615 1 2 3 4 5 6
5130 625 1 2 3 4 5 6
5130 640 1 2 3 4 5 6
5130 650 1 2 3 4 5 6
5130 720 1 2 3 4 5 6
5130 790 1 2 3 4 5 6
5130 975 1 2 3 4 5 6
5130 10 3 4
5130 1055 3
5138 0 1 2 4 5 6
5138 5 1 2 4 5 6
5138 10 1 2 4 5 6
5138 15 1 2 4 5 6
5138 20 1 2 4 5 6
5138 25 1 2 4 5 6
5138 30 1 2 4 5 6
5138 35 1 2 4 5 6
5138 40 1 2 4 5 6
5138 45 1 2 4 5 6
5138 50 1 2 4 5 6
5138 55 1 2 4 5 6
5138 60 1 2 4 5 6
5138 65 1 2 4 5 6
5138 70 1 2 4 5 6
5138 75 1 2 4 5 6
5138 80 1 2 4 5 6
5138 85 1 2 4 5 6
5138 90 1 2 4 5 6
5138 95 1 2 3 4 5 6
5138 100 1 2 4 5 6
5138 105 1 2 3 4 5 6
5138 110 1 2 4 5 6
5138 115 1 2 4 5 6
5138 120 1 2 4 5 6
5138 125 1 2 4 5 6
5138 130 1 2 4 5 6
5138 135 1 2 4 5 6
5138 140 1 2 4 5 6
5138 145 1 2 4 5 6
5139 40 1 2 3 4 5 6
5139 410 1 2 3 4 5 6
5139 45 3 4
5139 70 3 4 5 6
5139 30 4
5158 25 1 2 3 4 5 6
5158 30 1 2 3 4 5 6
5158 35 1 2 3 4 5 6
5158 70 1 2 3 4 5 6
5158 80 1 2 3 4 5 6
5158 110 1 2 3 4 5 6
5158 90 3 4
5158 105 3
5159 5 1 2 4 5
5159 15 1 2 3 4 5 6
5159 90 1 3 4 6
5159 95 1 3
5159 605 1 2 3 4 5 6
5159 675 1 2 3 4 5 6
5159 705 1 2 3 4 5 6
5159 740 1 2 3 4 5 6
5159 725 4 5
5160 25 1 2 3 4 5 6
5160 55 1 2 3 4 5 6
5160 60 1 2 3 4 5 6
5160 70 1 2 3 4 5 6
5160 125 1 4 5
5160 185 1 2 3 4 5 6
5160 250 1 2 3 4 5 6
5160 260 1 2 3 4 5 6
5160 265 1 2 3 4 5 6
5160 515 1 2 3 4 5 6
5160 520 1 6
5160 525 1 5 6
5160 530 1 6
5160 535 1 6
5160 540 1 6
5160 545 1 6
5160 550 1 6
5160 555 1 6
5160 560 1 6
5160 565 1 6
5160 570 1 6
5160 575 1 2 3 4 5 6
5160 580 1 6
5160 585 1 4 6
5160 590 1 6
5160 595 1 6
5160 600 1 6
5160 605 1 6
5160 610 1 6
5160 615 1 6
5160 620 1 6
5160 625 1 6
5160 630 1 6
5160 635 1 6
5160 640 1 6
5160 645 1 6
5160 650 1 6
5160 655 1 6
5160 660 1 6
5160 665 1 2 3 4 5 6
5160 670 1 6
5160 675 1 6
5160 680 1 6
5160 685 1 6
5160 690 1 6
5160 695 1 6
5160 700 1 6
5160 705 1 6
5160 710 1 6
5160 715 1 6
5160 720 1 6
5160 725 1 6
5160 730 1 6
5160 735 1 6
5160 740 1 6
5160 745 1 6
5160 750 1 6
5160 755 1 6
5160 760 1 6
5160 765 1 6
5160 770 1 6
5160 775 1 6
5160 780 1 6
5160 785 1 6
5160 790 1 6
5160 795 1 6
5160 800 1 2 6
5160 805 1 2 6
5160 810 1 2 6
5160 815 1 2 6
5160 820 1 2 6
5160 825 1 2 6
5160 830 1 2 6
5160 835 1 2 6
5160 840 1 2 6
5160 845 1 2 3 5 6
5160 850 1 2 3 4 5 6
5160 855 1 2 6
5160 860 1 2 6
5160 865 1 2 3 4 5 6
5160 870 1 2 6
5160 875 1 2 6
5160 880 1 2 6
5160 885 1 2 6
5160 890 1 2 6
5160 895 1 2 6
5160 900 1 2 6
5160 905 1 2 6
5160 910 1 2 6
5160 915 1 2 6
5160 920 1 2 6
5160 925 1 2 6
5160 930 1 2 6
5160 935 1 2 6
5160 165 2 3 4 5 6
5160 485 3 4 5
5162 220 1 2 3 4 5 6
5162 230 1 2 3 4 5 6
5162 55 3 4 5 6
5162 85 3
5163 0 1 2 3 4 5 6
5163 125 1 2 3 4 5 6
5163 140 1 2 3 4 5 6
5163 220 1 3 4 5 6
5163 315 1 2 3 4 5 6
5163 565 1 2 3 4 5 6
5163 690 1 2 3 4 5 6
5163 695 1 2 3 4 5 6
5163 735 1 2 3 4 5 6
5163 380 3 4
5163 740 3 4
5163 1105 3 4 5
5165 565 1 2 3 4 5 6
5165 575 1 2 3 4 5 6
5165 710 1 2 3 4 5 6
5165 715 1 2 3 4 5 6
5165 860 1
5165 865 1 6
5165 870 1 6
5165 875 1 6
5165 880 1 6
5165 885 1 6
5165 890 1 6
5165 895 1 6
5165 900 1 6
5165 905 1 6
5165 910 1 6
5165 915 1 6
5165 920 1 6
5165 925 1 6
5165 930 1 6
5165 935 1 6
5165 940 1 6
5165 945 1 6
5165 950 1 2 3 4 5 6
5165 955 1 2 3 4 5 6
5165 960 1 6
5165 965 1 6
5165 970 1 6
5165 975 1 2 6
5165 980 1 6
5165 985 1 6
5165 990 1 6
5165 995 1 6
5165 1000 1 6
5165 1005 1 6
5165 1010 1 6
5165 1015 1 6
5165 1020 1 6
5165 1025 1 6
5165 1030 1 6
5165 1035 1 6
5165 1040 1 6
5165 1045 1 6
5165 1050 1 6
5165 1055 1 6
5165 1060 1 6
5165 1065 1 2 6
5165 1070 1 6
5165 1075 1 6
5165 1080 1 6
5165 1085 1 6
5165 1090 1 6
5165 1095 1 2 3 4 5 6
5165 1100 1 6
5165 1105 1 6
5165 1110 1 6
5165 1115 1 6
5165 1120 1 6
5165 1125 1 6
5165 1130 1 6
5165 1135 1 6
5165 1140 1 6
5165 1145 1 6
5165 1150 1 6
5165 1155 1 6
5165 1160 1 6
5165 1165 1 6
5165 1170 1 6
5165 1175 1 6
5165 1180 1 6
5165 1185 1 6
5165 1190 1 6
5165 1195 1 6
5165 1200 1 6
5165 1205 1 6
5165 1210 1 6
5165 1215 1 6
5165 1220 1 6
5165 1225 1 6
5165 1230 1 6
5165 1235 1 6
5165 1240 1 6
5165 1245 1 6
5165 1250 1 6
5165 1255 1 6
5165 1260 1 6
5165 1265 1 2 6
5165 1270 1 6
5165 280 3 4
5165 0 4
5165 15 4
5166 130 1 2 3 4 5 6
5166 710 1 2 3 4 5 6
5166 970 1 2 3 4 5 6
5166 590 3 4 5 6
5166 1155 4
5166 325 5
5167 275 1 2 3 4 5
5167 585 1 2 3 4 5 6
5167 950 1 2 3 4 5 6
5168 380 1 2 3 4 5 6
5168 575 1 2 3 4 5 6
5168 180 3
5169 0 1 2 3 4 5 6
5169 190 1 2 3 4 5 6
5169 370 1 2 3 4 5 6
5169 740 1 2 3 4 5 6
5169 745 1 3 4 5 6
5169 940 1 2 3 4 5 6
5169 955 1 2 3 4 5 6
5169 775 2 3 4
5169 1015 2 3 4 5 6
5169 790 3
5180 155 1 2 3 4 5 6
5180 385 1 2 3 4 5 6
5180 445 1 3 4 5
5180 450 1 2 3 4 5
5181 155 1 2 3 4 5
5181 320 1 2 3 4 5 6
5181 345 1 2 3 4 5 6
5181 440 1 2 3 4 5 6
5181 445 1 2 3 4 5 6
5181 460 1 2 3 4 5 6
5181 470 1 2 3 4 5 6
5181 1085 1 2 3 4 5 6
5181 1040 2 3 6
5181 1045 2 3 6
5181 1050 2 3 6
5181 1055 2 3 6
5181 1060 2 3 6
5181 1065 2 3 6
5181 1070 2 3 6
5181 1075 2 3 6
5181 1080 2 3 6
5181 1090 2 3 6
5181 1095 2 3 6
5181 1100 2 3 6
5181 1105 2 3 6
5181 1110 2 3 6
5181 1115 2 3 6
5181 1120 2 3 6
5181 1125 2 3 6
5181 1130 2 3 6
5181 1135 2 3 6
5181 1140 2 3 6
5181 1145 2 3 6
5181 1150 2 3 6
5181 1155 2 3 6
5181 1160 2 3 6
5181 175 3
5181 305 3
5181 870 3 4 5
5181 335 4
5182 200 1 2 3 4 5 6
5182 210 1 2 3 4 5 6
5182 215 1 2 3 4 5 6
5182 95 5
5183 30 1 2 3 4 5 6
5183 380 1 3 4 5 6
5183 425 1 2 3 4 5 6
5183 925 1 2 3 4 5 6
5183 585 4
5190 0 1 2 3 4 5 6
5190 45 1 2 3 4 5 6
5190 140 1 2 3 4 5 6
5190 250 1 2 3 4 5 6
5190 315 1 2 3 4 5 6
5190 330 1 2 3 4 5 6
5190 10 2
5190 25 2
5190 50 2
5190 65 2
5190 70 2 4 5
5190 100 2
5190 125 2
5190 130 2
5190 150 2
5190 165 2
5190 170 2
5190 180 2
5190 210 2
5190 220 2
5190 235 2
5190 245 2 5
5190 265 2
5190 280 2
5190 285 2
5190 295 2
5190 325 2
5190 335 2
5190 345 2
5190 360 2
5190 380 2
5190 390 2
5190 400 2
5190 415 2
5190 420 2
5190 425 2
5190 440 2
5190 450 2
5190 455 2
5190 460 2
5190 470 2
5190 475 2
5196 20 1 2 3 4 5
5196 40 1 2 3 4 5 6
5196 45 1 4 5
5196 55 1 2 3 4 5 6
5196 115 1 2 3 4 5 6
5196 150 1 2 3 4 5 6
5196 180 1 2 3 4 5
5196 235 1 2 3 4 5 6
5196 250 1 2 3 4 5 6
5196 295 1 2 3 4 5
5196 300 1 2 3 4 5 6
5196 305 1 2 3 4 5 6
5196 440 1 2 3 4 5 6
5196 480 1 2 3 4 5
5196 485 1 2 3 4 5 6
5196 585 1 2 3 4 5 6
5196 635 1 2 3 4 5
5196 660 1 3 4 5
5196 675 1 3 4
5196 680 1 2 3 4 5 6
5196 705 1 2 3 4 5 6
5196 765 1 2 3 4 5 6
5196 770 1 2 3 4 5
5196 780 1 3
5196 785 1 2 3 4 5 6
5196 790 1 2 3 4 5 6
5196 815 1 4 5
5196 825 1 2 3 4 5 6
5196 850 1 2 3 4 5 6
5196 855 1 2 3 4 5 6
5196 870 1 3 4 5
5196 880 1 2 3 4 5
5196 1005 1 2 3 4 5 6
5196 1015 1 2 3 4 5 6
5196 1060 1 2 3 4 5 6
5196 1065 1 2 3 4 5 6
5196 1095 1 2 3 4 5 6
5196 1120 1 2 3 4 5 6
5196 155 3 5
5196 65 4
5196 1035 4
5197 30 1 2 3 4 5 6
5197 35 1 2 3 4 5 6
5197 135 1 2 3 4 5 6
5197 160 1 2 3 4 5 6
5197 265 1 2 3 4 5 6
5197 285 1 2 3 4 5
5197 310 1 2 3 4 5 6
5197 375 1 2 3 4 5 6
5197 380 1 2 3 4 5 6
5197 405 1 2 3 4 5 6
5197 420 1 2 3 4 5 6
5197 480 1 3 4 5 6
5197 485 1 2 3 4 5 6
5197 515 1 2 3 4 5 6
5197 525 1 2 3 4 5
5197 565 1 2 3 4 5 6
5197 595 1 2 3 4 5 6
5197 700 1 2 3 4 5 6
5197 925 1 2 3 4 5 6
5197 1040 1 2 3 4 5 6
5197 1080 1 2 3 4 5
5197 1090 1 2 3 4 5 6
5197 1095 1 2 3 4 5 6
5197 1120 1 3 4 5
5197 1130 1 2 3 4 5 6
5197 635 2 3 5
5197 645 2 3 4 5
5197 105 3 5
5197 340 3 5
5197 430 3 4
5197 620 3 4 5
5197 0 4 5
5197 210 4
5197 780 4
5197 855 4 5
5197 175 5
5197 550 5
5197 1020 5
5198 20 1 2 3 4 5 6
5198 25 1 2 3 4 5 6
5198 85 1 2 3 4 5 6
5198 90 1 4
5198 100 1 2 3 4 5 6
5198 110 1 2 3 4 5 6
5198 130 1 2 3 4 5 6
5198 155 1 2 3 4 5 6
5198 165 1 2 3 4 5 6
5198 170 1 2 3 4 5 6
5198 180 1 2 3 4 5 6
5198 200 1 2 3 4 5 6
5198 215 1 3 4
5198 260 1 2 3 4 5 6
5198 285 1 3 4
5198 320 1 2 3 4 5 6
5198 330 1 2 3 4 5 6
5198 345 1 2 3 4 5 6
5198 355 1 2 3 4 5
5198 670 1 2 3 4 5 6
5198 725 1 2 3 4 5 6
5198 950 1 2 3 4 5 6
5198 960 1 2 3 4 5 6
5198 1105 1 2 3 4 5 6
5198 1140 1
5198 715 2 3 4 5
5198 35 3 4
5198 905 4
5198 1110 4
5199 35 1 2 3 4 5 6
5199 40 1 2 3 4 5 6
5199 50 1 3
5199 145 1 2 3 4 5 6
5199 200 1 2 3 4 5 6
5199 280 1 2 3 4 5 6
5199 290 1 2 3 4 5 6
5199 300 1
5199 305 1 4
5199 315 1 2 3 4 5 6
5199 330 1 2 3 4 5 6
5199 435 1 2 3 4 5 6
5199 465 1 2 3 4 5 6
5199 480 1 2 3 4 5 6
5199 540 1 2 3 4 5 6
5199 580 1 2 3 4 5 6
5199 590 1
5199 615 1 2 3 4 5 6
5199 640 1 3 4 5 6
5199 780 1 2 3 4 5 6
5199 785 1 2 3 4 5 6
5199 895 1 2 3 4 5 6
5199 920 1 2 3 4 5 6
5199 935 1 3 4 6
5199 970 1 2 3 4 5 6
5199 1040 1 2 3 4 5 6
5199 310 2 3 4 5 6
5199 645 2 5
5199 100 3 4
5199 155 3
5199 470 3 5
5199 620 3 4 6
5199 860 3 5
5199 1000 3 4
5199 1070 3
5199 80 4
5199 400 4
5199 670 4 5
5200 20 1 2 3 4 5
5200 175 1 2 3 4 5 6
5200 320 1 3 4 5 6
5200 255 4
5201 55 3
5202 30 1 3 4 5 6
5202 170 1 2 3 4 5 6
5202 265 1 5
5202 315 1 2 3 4 5 6
5202 320 1 2 3 4 5 6
5202 530 1 2 3 4 5 6
5202 550 1 2 3 4 5 6
5202 575 1 2 3 4 5 6
5202 615 1 2 3 4 5 6
5202 770 1 2 3 4 5 6
5202 945 1 2 3 4 5 6
5202 1035 1 2 3 4 5 6
5202 965 5
5203 0 1 2 3 4 5 6
5203 20 1 2 3 4 5 6
5203 70 1 2 3 4 5 6
5203 530 1 3 4 5
5203 625 1 2 3 4 5 6
5203 800 1 2 3 4 5 6
5203 805 1 2 3 4 5 6
5203 810 1 2 3 4 5 6
5203 1045 1 2 3 4 5 6
5203 520 3 5
5203 665 3 5
5203 175 4
5203 430 4
5204 415 1 2 3 4 5 6
5204 535 1 2 3 4 5 6
5204 590 1 3 4 5 6
5204 705 1 2 4 5 6
5204 740 1 4 6
5204 935 1
5204 990 1 2 3 4 5 6
5204 1050 1 2 3 4 5 6
5204 1080 1 3 4 6
5204 1145 1 2 4 5
5204 770 2 4 5 6
5204 890 2 5 6
5204 635 4 6
5204 1140 4
5204 315 5
5204 585 6
5204 745 6
5205 0 1 2 3 4 5 6
5205 70 1 2 3 4 5 6
5205 185 1 2 3 4 5 6
5205 210 1 2 3 4 5 6
5205 225 1 2 3 4 5 6
5206 40 1 2 3 4 5 6
5206 115 1 2 3 4 5 6
5206 210 1 2 3 4 5 6
5206 215 1 2 3 4 5 6
5206 230 1 2 3 4 5 6
5206 265 1 2 6
5206 445 1 2 3 4 5 6
5206 495 1 2 3 4 5 6
5206 790 1 2 3 4 5 6
5206 820 1
5206 360 2
5206 65 4
5206 355 4 6
5206 585 4 5
5206 30 5
5206 475 6
5208 25 1 2 3 4 5 6
5208 150 1 2 3 4 5 6
5208 160 1 4 6
5208 195 1 2 3 4 5 6
5208 230 1 2 3 4 5 6
5208 235 1 2 3 4 5 6
5208 240 1 2 3 4 5 6
5208 375 1 2 3 4 5 6
5208 405 1 2 3 4 5
5208 570 1 2 3 4 5 6
5208 585 1 2 3 4 5 6
5208 660 1 2 3 4 5 6
5208 665 1 2 3 4 5 6
5208 685 1 2 3 4 5 6
5208 765 1 2 3 4 5 6
5208 780 1 2 3 4 5 6
5208 840 1 2 3 4 5 6
5208 890 1 2 3 4 5 6
5208 915 1 2 3 4 5 6
5208 920 1 2 3 4 5 6
5208 930 1 2 3 4 5 6
5208 935 1 2 3 4 5 6
5208 940 1 2 3 4 5 6
5208 945 1 2 3 4 5 6
5208 190 2
5208 815 3
5208 10 4
5211 100 1 2 3 4 5 6
5211 125 1 2 3 4 5 6
5211 130 1 2 3 4 5 6
5211 140 1 2 3 4 5 6
5211 180 1 2 3 4 5 6
5211 190 1 2 3 4 5 6
5211 245 1 2 3 4 5 6
5211 250 1 2 3 4 5 6
5211 20 5 6
5212 0 1 2 3 4 5 6
5212 105 1 2 3 4 5 6
5212 245 1 2 3 4 5 6
5212 325 1 2 3 4 5
5212 360 1 2 3 4 5 6
5212 410 1 2 3 4 5 6
5212 440 1 2 4 5 6
5212 500 1 2 3 4 5 6
5212 575 1 2 3 4 5 6
5212 630 1 3 5 6
5212 705 1 2 3 4 5 6
5212 740 1 2 3 4 5 6
5212 760 1 2 3 5 6
5212 890 1 2 4 5 6
5212 930 1 2 4 5 6
5212 975 1 2 3 4 5 6
5212 985 1 2 3 4 5 6
5212 1005 1 2 3 4 5 6
5212 1080 1 2 3 4 5 6
5212 1090 1
5212 1110 1 2 3 4 5 6
5212 1130 1 2 3 4 5
5212 1140 1 2 4 6
5212 585 2 4 5
5212 785 2
5212 790 2
5212 795 2
5212 1085 2 3 4 5 6
5212 295 4
5252 0 1 2 3 4 5 6
5252 125 1 2 3 4 5 6
5252 300 1 2 3 4 5 6
5252 315 1 2 3 4 5 6
5252 330 1 2 3 4 5 6
5252 525 1 2 3 4 5 6
5252 635 1 2 3 4 5 6
5252 730 1 2 3 4 5 6
5252 820 1 2 3 4 5 6
5252 965 1 2 3 4 5 6
5252 975 1
5252 980 1
5252 985 1
5252 990 1
5252 200 3 4 5 6
5253 50 1 2 3 4 5 6
5253 90 1 2 3 4 5 6
5253 260 1 2 3 4 5 6
5253 175 5 6
5257 25 1 3 4 5 6
5257 30 1 2 5 6
5257 295 1 2 3 4 5 6
5257 335 1 4 5
5257 370 1 2 3 4 5 6
5257 415 1
5257 600 1 2 3 4 5 6
5257 670 1 2 3 4 5 6
5257 685 1 2 3 4 5 6
5257 695 1 2 3 4 5 6
5257 735 1 2 3 4 5 6
5257 760 1 2 3 4 5 6
5257 830 1 2 3 4 5 6
5257 935 1 2 3 4 5 6
5257 940 1 2 3 4 5 6
5257 955 1 5 6
5257 1050 1 2 4 5 6
5257 1090 1 2 3 4 5 6
5257 1095 1 2 3 4 5 6
5257 1120 1 5
5257 1140 1 2 3 4 5 6
5257 1150 1 2 3 4 5 6
5257 20 2 4 6
5257 210 2 3 6
5257 820 2 4
5257 845 2 6
5257 705 4 5
5257 1025 5 6
5257 350 6
5258 0 1 2 3 4 5 6
5258 250 1 2 4 5
5258 310 1 2 3 4 5 6
5258 380 1 2 3 4 5 6
5258 440 1 2 3 4 5 6
5258 625 1 2 3 4 5 6
5258 635 1 2 3 4 5 6
5258 655 1 2 3 4 5 6
5258 660 1 2 3 4 5 6
5258 675 1 2 3 4 5 6
5258 775 1 2 3 4 5 6
5258 825 1 2 3 4 5 6
5258 880 1 2 3 4 5 6
5258 925 1 2 3 4 5 6
5258 965 1 3 4 5 6
5258 995 1 2 3 4 5 6
5258 1000 1 2 3 4 5 6
5258 1045 1 2 3
5258 1055 1 2 3 4 5 6
5258 1165 1 2 3 4 5 6
5258 1195 1 2 4
5258 1330 1 2 3 4 5 6
5258 1390 1 2 3 4 5 6
5258 1495 1 2 3 4 5 6
5258 405 2
5258 505 2 4 6
5258 1430 2
5258 35 3 4 5 6
5258 435 3 5
5258 670 3 4 5 6
5258 500 4
5258 730 4 5
5258 840 4
5258 285 5 6
5258 1100 6
5259 5 1 2 3 4 5 6
5259 20 1 2 3 4 5 6
5259 90 1 2 3 4 5 6
5259 150 1 2 3 4 5 6
5259 180 1 2 3 4 5 6
5259 200 1 2 3 4 5 6
5259 260 1 2 3 4 5 6
5259 265 1 3 4 5 6
5259 365 1 2 3 4 5 6
5259 445 1 2 3 4 5 6
5259 500 1 2 3 4 5 6
5259 525 1 2 3 5 6
5259 565 1 2 3 4 5 6
5259 580 1 2 3 4 5 6
5259 130 2 6
5259 285 2 3 4 5 6
5259 425 2 3 5 6
5259 95 5
5261 25 1 2 3 4 5 6
5261 165 1 2 3 5 6
5261 230 1 2 4
5261 235 1 2 3 4 5 6
5261 255 1 2 3 4 5 6
5261 275 1 3 4 5 6
5261 280 1 2 3 4 5 6
5261 295 1 2 3 4 5 6
5261 385 1 2 3 4 5 6
5261 535 1 2 3 4 5 6
5261 575 1 2 3 4 5 6
5261 610 1 2 3 4 5 6
5261 685 1 2 3 4 5 6
5261 785 1 2 3 4 5 6
5261 795 1 2 3 4 5 6
5261 860 1 2 3 4 5 6
5261 885 1 2 3 4 5 6
5261 905 1 2 3 4 5 6
5261 920 1 2 3 4 5 6
5261 980 1 2 3
5261 1015 1 2 3 4 5 6
5261 1035 1 2 3 4 5 6
5261 1065 1 2 3 4 5 6
5261 1085 1 2 3 4 5 6
5261 1100 1 2 3 4 5 6
5261 1135 1 2 3 4 5 6
5261 1160 1 2 3 4 5 6
5261 1175 1 2 3 4 5 6
5261 35 2 4 5 6
5261 65 2 3 4 5 6
5261 635 2 3 4 5 6
5261 720 2 6
5261 740 2 4 5 6
5261 960 2 3
5261 1140 2
5261 215 4 5
5261 555 4 5
5262 5 1 2 3 4 5 6
5262 75 1 5 6
5262 130 1 3 6
5262 135 1 2 3 4 5 6
5262 180 1 2 3 4 5 6
5262 205 1 2 3 4 5 6
5262 310 1 2 3 4 5
5262 405 1 2 3 4 5 6
5262 510 1 2 3 4 5 6
5262 520 1 2 3 4 5 6
5262 560 1 2 3 4 5 6
5262 10 2 3 4 6
5262 400 2 5 6
5262 185 3
5262 480 4 5
5262 530 4
5262 200 6
5262 485 6
5262 535 6
